a0 = 1
a1 = 0.0584728
a2 = 0.0233532
a3 = 0.0601148
a4 = 0.0128921
a5 = 0.039258
a6 = 0.014625
a7 = 0.0586258
a8 = 0.0
a9 = 0.0
b0 = 1
b1 = 0.059859
b2 = 0.0371109
b3 = -0.0068639
b4 = -0.0938195
b5 = 0.0289722
b6 = -0.0254127
b7 = 0.0
b8 = 0.0
b9 = 0.0
c0 = 1
c1 = 0.00847096
c2 = 0.0316945
c3 = 0.00149751
c4 = -0.00203888
c5 = -4.81301e-05
c6 = 2.8447e-05
c7 = 0.0
c8 = 0.0
c9 = 0.0
