a0 = 1
a1 = -0.074634
a2 = -0.0156144
a3 = 0.0410181
a4 = 0.0109151
a5 = 0.0236188
a6 = 0.0178233
a7 = 0.0367108
a8 = 0.0
a9 = 0.0
b0 = 1
b1 = -0.00121773
b2 = 0.0405123
b3 = -0.0307099
b4 = -0.049983
b5 = -0.0332339
b6 = 0.0203357
b7 = -0.0353578
b8 = 0.00123019
b9 = -0.0253614
c0 = 1
c1 = -0.040229
c2 = 0.0501805
c3 = 0.00954228
c4 = -0.00639601
c5 = -0.000336516
c6 = 0.000280648
c7 = 2.65856e-06
c8 = -4.05315e-06
c9 = 0.0
