a1 = -0.0668668 L(-0.1 - 0.1)
a2 = -0.0501191 L(-0.1 - 0.1)
a3 = 0.0339064 L(-0.1 - 0.1)
a4 = 0.0228678 L(-0.1 - 0.1)
a5 = 0.0287135 L(-0.1 - 0.1)
a6 = 0.0136584 L(-0.1 - 0.1)
a7 = 0.0304682 L(-0.1 - 0.1)
a8 = 0 L(-0.1 - 0.1)
a9 = 0 L(-0.1 - 0.1)
b1 = 0.0288656 L(-0.1 - 0.1)
b2 = -0.066474 L(-0.1 - 0.1)
b3 = 0.0138662 L(-0.1 - 0.1)
b4 = -0.0760328 L(-0.1 - 0.1)
b5 = -0.00785178 L(-0.1 - 0.1)
b6 = 0.0258062 L(-0.1 - 0.1)
b7 = 0 L(-0.1 - 0.1)
b8 = 0 L(-0.1 - 0.1)
b9 = 0 L(-0.1 - 0.1)
c1 = -0.0205113 L(-0.1 - 0.1)
c2 = -0.043146 L(-0.1 - 0.1)
c3 = 0.0058126 L(-0.1 - 0.1)
c4 = 0.00342106 L(-0.1 - 0.1)
c5 = -0.0001568 L(-0.1 - 0.1)
c6 = -6.23104e-05 L(-0.1 - 0.1)
c7 = 0 L(-0.1 - 0.1)
c8 = 0 L(-0.1 - 0.1)
c9 = 0 L(-0.1 - 0.1)
Phi1 = 1.0261
Phi2 = 1.07819
Phi3 = 1.13789
Phi4 = 0.00463328
Phi5 = -0.0619931
Phi6 = -0.012029
