a0 = 1
a1 = -0.00492558
a2 = -0.097193
a3 = 0.00467253
a4 = -0.00130959
a5 = 0.00740334
a6 = -0.00349153
a7 = -0.00453491
a8 = 0.00836595
a9 = 0.0
b0 = 1
b1 = 0.00365763
b2 = -0.0780234
b3 = 0.000266011
b4 = -0.0239511
b5 = -0.000242069
b6 = 0.0193142
b7 = 0.0
b8 = 0.0
b9 = 0.0
c0 = 1
c1 = -0.00917984
c2 = -0.0603555
c3 = -0.00846338
c4 = 0.00569747
c5 = 0.00127253
c6 = -0.000156483
c7 = -5.29881e-05
c8 = 1.38973e-06
c9 = 6.73496e-07
