_cpsi_0 = 1
_cpsi_1 = -0.0668668
_cpsi_2 = -0.0501191
_cpsi_3 = 0.0339064
_cpsi_4 = 0.0228678
_cpsi_5 = 0.0287135
_cpsi_6 = 0.0136584
_cpsi_7 = 0.0304682
_cth_0 = 1
_cth_1 = 0.0288656
_cth_2 = -0.066474
_cth_3 = 0.0138662
_cth_4 = -0.0760328
_cth_5 = -0.00785178
_cth_6 = 0.0258062
_phi0 = 1
_phi_1 = -0.0205113
_phi_2 = -0.043146
_phi_3 = 0.0058126
_phi_4 = 0.00342106
_phi_5 = -0.0001568
_phi_6 = -6.23104e-05
_Phi1 = 1.0261
_Phi2 = 1.07819
_Phi3 = 1.13789
_Phi4 = 0.00463328
_Phi5 = -0.0619931
_Phi6 = -0.012029
