a0 = 1.
a1 = -0.0513075
a2 = -0.0177556
a3 = -0.0541936
a4 = -0.0140736
a5 = -0.0552402
a6 = -0.0229424
a7 = -0.0116955
a8 = -0.03171
a9 = -0.022669
b0 = 1.
b1 = 0.0399517
b2 = 0.0645116
b3 = -0.0104136
b4 = -0.0585419
b5 = 0.0152268
b6 = 0.0160675
b7 = 0.0169526
b8 = 0.
b9 = 0.
c0 = 1.
c1 = -0.0331119
c2 = 0.0327165
c3 = -0.00111911
c4 = -0.00296616
c5 = 0.000844072
c6 = 0.000124325
c7 = -0.0000485493
c8 = -2.11138e-06
c9 = 7.6267e-07
Phi1 = 11.468012670552913
Phi2 = 11.149119288069592
Phi3 = 10.892100543283357
Phi4 = 0.001572135982262402
Phi5 = -0.00017186782000926505
Phi6 = 5.0704306383401443e-08

