a1 = -0.0668668
a2 = -0.0501191
a3 = 0.0339064
a4 = 0.0228678
a5 = 0.0287135
a6 = 0.0136584
a7 = 0.0304682
a8 = 0
a9 = 0
b1 = 0.0288656
b2 = -0.066474
b3 = 0.0138662
b4 = -0.0760328
b5 = -0.00785178
b6 = 0.0258062
b7 = 0
b8 = 0
b9 = 0
c1 = -0.0205113
c2 = -0.043146
c3 = 0.0058126
c4 = 0.00342106
c5 = -0.0001568
c6 = -6.23104e-05
c7 = 0
c8 = 0
c9 = 0
Phi1 = 1.0261
Phi2 = 1.07819
Phi3 = 1.13789
Phi4 = 0.00463328
Phi5 = -0.0619931
Phi6 = -0.012029
