M = 5.3615 L(5.3 - 5.45)
sigma = 0.0309 L(0 - 1)
tau =  1.521 L(1.3 - 1.75) 
DeltaGamma =  0.19 L(0 - 0.4) 
A02 =  0.50000 L(0.35 - 0.65) 
All2 =  0.12000 L(0 - 0.3) 
delta_1 = 2.2 L(1.4 - 3) 
delta_2 =  0.15 L(-1.35 - 1.65) 
phi_s = 0.1 L(-0.5 - 0.5) 
DeltaMs =  17.770 C L(-INF - +INF) 
S = 1  L(0 - 2)
et_mean = 0.08 C L(0.01 - 0.1)
et_sigma = 0.025 C L(0.01 - 0.05)
