S =  1.0486 +/- 0.0061071 L(0 - 2) 
M =  5.3640 +/- 0.00089253 L(5.3 - 5.45) 
Sigma =  0.033494 +/- 0.00089480 L(0 - 1) 
A02 =  0.59115 +/- 0.018232 L(0 - 1) 
All2 =  0.22791 +/- 0.022279 L(0 - 1) 
DeltaGamma =  0.15140 +/- 0.062675 L(0 - 0.4) 
Delta_1 =  3.5088 +/- 0.72593 L(-4 - 4) 
Delta_2 =  0.35127 +/- 0.72822 L(-4 - 4) 
Phi_s =  2.4200 +/- 0.46551 L(0 - 4) 
Tau =  1.4821 +/- 0.052683 L(1.3 - 1.75) 
DeltaMs =  17.770 C L(-INF - +INF) 
et_mean =  0.080000 L(0.01 - 0.1) 
et_sigma =  0.025000 L(0.01 - 0.05) 
tm_p = -0.114486 +/- 0.0046459 L(-0.1666 - 100000) 
y1 =  0.077134 +/- 0.014263 L(-1 - 1) 
y2 =  0.063820 +/- 0.013821 L(-1 - 1) 
y3 =  0.0000 C L(-1 - 1) 
y4 = -0.0862993 +/- 0.0054376 L(-1 - 1) 
y5 =  2.0169 +/- 0.037949 L(0 - 5) 
y6 =  1.5426 +/- 0.061691 L(-3.14 - 3.14) 
tm_np = -1.38269 +/- 0.058889 L(-10 - 0) 
t_m =  0.28937 +/- 0.0087341 L(0 - 1) 
t_p =  0.27706 +/- 0.010257 L(0 - 1) 
t_pp =  1.1706 +/- 0.048205 L(0 - 3) 
fm =  0.18472 +/- 0.0060088 L(0 - 1) 
fp =  0.61617 +/- 0.013596 L(0 - 1) 
z1 =  0.20661 +/- 8.4129 L(-10 - 10) 
z2 =  0.076607 +/- 0.83900 L(-1 - 1) 
z3 =  0.0063987 +/- 0.84145 L(-1 - 1) 
z4 =  0.24821 +/- 0.81514 L(-1 - 1) 
z5 =  1.9422 +/- 2.0506 L(0 - 5) 
z6 = -1.35561 +/- 2.3833 L(-3.14 - 3.14) 
xp =  0.71602 +/- 0.0050376 L(0 - 2) 
xs =  0.044959 +/- 0.0012781 L(0 - 2) 
