_m = 5.3 L(5.1 - 5.7)
_t =  5.0000 L(-2 - 12) 
_et =  0.50000 L(0 - 1) 
_cpsi =  0.0000 L(-1 - 1) 
_ctheta =  0.0000 L(-1 - 1) 
_phi =  0.0000 L(-3.14159 - 3.14159) 
_d =  0.50000 L(0 - 1) 
