m = 5.3 L(5.1 - 5.7)
t =  5.0000 L(-2 - 12) 
et =  0.50000 L(0 - 1) 
cpsi =  0.0000 L(-1 - 1) 
ctheta =  0.0000 L(-1 - 1) 
phi =  0.0000 L(-3.14159 - 3.14159) 
d =  0.50000 L(0 - 1) 
