_m = 5.3 L(5.12421105 - 5.64236358)
_t =  5.0000 L(-1.5 - 12)
_et = 0 L(0 - 1) 
