_m = 5.3 L(5.12421105 - 5.64236358)
_t =  5.0000 L(-2.5 - 8) 
