_m = 5.3 L(5.04951 - 5.74928)
_t =  5.0000 L(-2.5 - 12)
_et = 0 L(0 - 1)
