M = 5.3615 L(5.3 - 5.45)
sigma = 0.0309 L(0 - 1)
tau =  1.521 L(1.3 - 1.75) 
DeltaGamma =  0.19 L(0 - 0.4) 
A02 =  0.50000 L(0.35 - 0.65) 
All2 =  0.12000 L(0 - 0.3) 
delta_1 = -0.460000 L(-1.1 - 0.4) 
delta_2 =  2.00 L(1 - 3) 
phi_s = -0.350000 L(-0.7 - 0) 
DeltaMs =  17.770 C L(-INF - +INF) 
S = 1 L(0 - 2)
